{
 "cells": [
  {
   "cell_type": "markdown",
   "metadata": {},
   "source": [
    "### Exploring Relationships\n",
    "\n",
    "Notebook contains:\n",
    "1. Correlations\n",
    "2. Scatterplots\n",
    "3. Pair Plots\n",
    "4. Categorical Plots"
   ]
  },
  {
   "cell_type": "code",
   "execution_count": 1,
   "metadata": {},
   "outputs": [],
   "source": [
    "#importing libraries\n",
    "import pandas as pd\n",
    "import seaborn as sns\n",
    "import numpy as np\n",
    "import matplotlib.pyplot as plt\n",
    "import matplotlib\n",
    "import os"
   ]
  },
  {
   "cell_type": "code",
   "execution_count": 2,
   "metadata": {},
   "outputs": [
    {
     "data": {
      "text/plain": [
       "'3.2.2'"
      ]
     },
     "execution_count": 2,
     "metadata": {},
     "output_type": "execute_result"
    }
   ],
   "source": [
    "matplotlib.__version__"
   ]
  },
  {
   "cell_type": "code",
   "execution_count": 3,
   "metadata": {},
   "outputs": [],
   "source": [
    "%matplotlib inline"
   ]
  },
  {
   "cell_type": "code",
   "execution_count": 4,
   "metadata": {},
   "outputs": [],
   "source": [
    "#path for this project\n",
    "path = 'C:/Users/kirat/Documents/Career Foundry/Personal Project'"
   ]
  },
  {
   "cell_type": "code",
   "execution_count": 5,
   "metadata": {},
   "outputs": [],
   "source": [
    "df = pd.read_csv(os.path.join(path, '02 Data','Prepared Data','data_foruse.csv'))"
   ]
  },
  {
   "cell_type": "code",
   "execution_count": 6,
   "metadata": {},
   "outputs": [
    {
     "data": {
      "text/html": [
       "<div>\n",
       "<style scoped>\n",
       "    .dataframe tbody tr th:only-of-type {\n",
       "        vertical-align: middle;\n",
       "    }\n",
       "\n",
       "    .dataframe tbody tr th {\n",
       "        vertical-align: top;\n",
       "    }\n",
       "\n",
       "    .dataframe thead th {\n",
       "        text-align: right;\n",
       "    }\n",
       "</style>\n",
       "<table border=\"1\" class=\"dataframe\">\n",
       "  <thead>\n",
       "    <tr style=\"text-align: right;\">\n",
       "      <th></th>\n",
       "      <th>UNITID</th>\n",
       "      <th>INSTNM</th>\n",
       "      <th>CITY</th>\n",
       "      <th>STABBR</th>\n",
       "      <th>ZIP</th>\n",
       "      <th>ACCREDAGENCY</th>\n",
       "      <th>NUMBRANCH</th>\n",
       "      <th>PREDDEG</th>\n",
       "      <th>HIGHDEG</th>\n",
       "      <th>CCSIZSET</th>\n",
       "      <th>...</th>\n",
       "      <th>ACTCMMID</th>\n",
       "      <th>ACTENMID</th>\n",
       "      <th>ACTMTMID</th>\n",
       "      <th>ACTWRMID</th>\n",
       "      <th>ICLEVEL</th>\n",
       "      <th>AGE_ENTRY</th>\n",
       "      <th>GRAD_DEBT_MDN</th>\n",
       "      <th>AVGFACSAL</th>\n",
       "      <th>PFTFAC</th>\n",
       "      <th>CURROPER</th>\n",
       "    </tr>\n",
       "  </thead>\n",
       "  <tbody>\n",
       "    <tr>\n",
       "      <th>0</th>\n",
       "      <td>100654</td>\n",
       "      <td>Alabama A &amp; M University</td>\n",
       "      <td>Normal</td>\n",
       "      <td>AL</td>\n",
       "      <td>35762</td>\n",
       "      <td>Southern Association of Colleges and Schools C...</td>\n",
       "      <td>1</td>\n",
       "      <td>3</td>\n",
       "      <td>4</td>\n",
       "      <td>14.0</td>\n",
       "      <td>...</td>\n",
       "      <td>18.0</td>\n",
       "      <td>17.0</td>\n",
       "      <td>17.0</td>\n",
       "      <td>NaN</td>\n",
       "      <td>1</td>\n",
       "      <td>NaN</td>\n",
       "      <td>33375</td>\n",
       "      <td>7101.0</td>\n",
       "      <td>0.7411</td>\n",
       "      <td>1</td>\n",
       "    </tr>\n",
       "    <tr>\n",
       "      <th>1</th>\n",
       "      <td>100663</td>\n",
       "      <td>University of Alabama at Birmingham</td>\n",
       "      <td>Birmingham</td>\n",
       "      <td>AL</td>\n",
       "      <td>35294-0110</td>\n",
       "      <td>Southern Association of Colleges and Schools C...</td>\n",
       "      <td>1</td>\n",
       "      <td>3</td>\n",
       "      <td>4</td>\n",
       "      <td>15.0</td>\n",
       "      <td>...</td>\n",
       "      <td>25.0</td>\n",
       "      <td>27.0</td>\n",
       "      <td>23.0</td>\n",
       "      <td>NaN</td>\n",
       "      <td>1</td>\n",
       "      <td>NaN</td>\n",
       "      <td>22500</td>\n",
       "      <td>10717.0</td>\n",
       "      <td>0.7766</td>\n",
       "      <td>1</td>\n",
       "    </tr>\n",
       "    <tr>\n",
       "      <th>2</th>\n",
       "      <td>100690</td>\n",
       "      <td>Amridge University</td>\n",
       "      <td>Montgomery</td>\n",
       "      <td>AL</td>\n",
       "      <td>36117-3553</td>\n",
       "      <td>Southern Association of Colleges and Schools C...</td>\n",
       "      <td>1</td>\n",
       "      <td>3</td>\n",
       "      <td>4</td>\n",
       "      <td>6.0</td>\n",
       "      <td>...</td>\n",
       "      <td>NaN</td>\n",
       "      <td>NaN</td>\n",
       "      <td>NaN</td>\n",
       "      <td>NaN</td>\n",
       "      <td>1</td>\n",
       "      <td>NaN</td>\n",
       "      <td>27334</td>\n",
       "      <td>4292.0</td>\n",
       "      <td>1.0000</td>\n",
       "      <td>1</td>\n",
       "    </tr>\n",
       "    <tr>\n",
       "      <th>3</th>\n",
       "      <td>100706</td>\n",
       "      <td>University of Alabama in Huntsville</td>\n",
       "      <td>Huntsville</td>\n",
       "      <td>AL</td>\n",
       "      <td>35899</td>\n",
       "      <td>Southern Association of Colleges and Schools C...</td>\n",
       "      <td>1</td>\n",
       "      <td>3</td>\n",
       "      <td>4</td>\n",
       "      <td>12.0</td>\n",
       "      <td>...</td>\n",
       "      <td>28.0</td>\n",
       "      <td>30.0</td>\n",
       "      <td>27.0</td>\n",
       "      <td>NaN</td>\n",
       "      <td>1</td>\n",
       "      <td>NaN</td>\n",
       "      <td>21607</td>\n",
       "      <td>9442.0</td>\n",
       "      <td>0.6544</td>\n",
       "      <td>1</td>\n",
       "    </tr>\n",
       "    <tr>\n",
       "      <th>4</th>\n",
       "      <td>100724</td>\n",
       "      <td>Alabama State University</td>\n",
       "      <td>Montgomery</td>\n",
       "      <td>AL</td>\n",
       "      <td>36104-0271</td>\n",
       "      <td>Southern Association of Colleges and Schools C...</td>\n",
       "      <td>1</td>\n",
       "      <td>3</td>\n",
       "      <td>4</td>\n",
       "      <td>14.0</td>\n",
       "      <td>...</td>\n",
       "      <td>18.0</td>\n",
       "      <td>17.0</td>\n",
       "      <td>17.0</td>\n",
       "      <td>NaN</td>\n",
       "      <td>1</td>\n",
       "      <td>NaN</td>\n",
       "      <td>32000</td>\n",
       "      <td>7754.0</td>\n",
       "      <td>0.5826</td>\n",
       "      <td>1</td>\n",
       "    </tr>\n",
       "  </tbody>\n",
       "</table>\n",
       "<p>5 rows × 25 columns</p>\n",
       "</div>"
      ],
      "text/plain": [
       "   UNITID                               INSTNM        CITY STABBR         ZIP  \\\n",
       "0  100654             Alabama A & M University      Normal     AL       35762   \n",
       "1  100663  University of Alabama at Birmingham  Birmingham     AL  35294-0110   \n",
       "2  100690                   Amridge University  Montgomery     AL  36117-3553   \n",
       "3  100706  University of Alabama in Huntsville  Huntsville     AL       35899   \n",
       "4  100724             Alabama State University  Montgomery     AL  36104-0271   \n",
       "\n",
       "                                        ACCREDAGENCY  NUMBRANCH  PREDDEG  \\\n",
       "0  Southern Association of Colleges and Schools C...          1        3   \n",
       "1  Southern Association of Colleges and Schools C...          1        3   \n",
       "2  Southern Association of Colleges and Schools C...          1        3   \n",
       "3  Southern Association of Colleges and Schools C...          1        3   \n",
       "4  Southern Association of Colleges and Schools C...          1        3   \n",
       "\n",
       "   HIGHDEG  CCSIZSET  ...  ACTCMMID  ACTENMID  ACTMTMID  ACTWRMID  ICLEVEL  \\\n",
       "0        4      14.0  ...      18.0      17.0      17.0       NaN        1   \n",
       "1        4      15.0  ...      25.0      27.0      23.0       NaN        1   \n",
       "2        4       6.0  ...       NaN       NaN       NaN       NaN        1   \n",
       "3        4      12.0  ...      28.0      30.0      27.0       NaN        1   \n",
       "4        4      14.0  ...      18.0      17.0      17.0       NaN        1   \n",
       "\n",
       "   AGE_ENTRY  GRAD_DEBT_MDN  AVGFACSAL  PFTFAC  CURROPER  \n",
       "0        NaN          33375     7101.0  0.7411         1  \n",
       "1        NaN          22500    10717.0  0.7766         1  \n",
       "2        NaN          27334     4292.0  1.0000         1  \n",
       "3        NaN          21607     9442.0  0.6544         1  \n",
       "4        NaN          32000     7754.0  0.5826         1  \n",
       "\n",
       "[5 rows x 25 columns]"
      ]
     },
     "execution_count": 6,
     "metadata": {},
     "output_type": "execute_result"
    }
   ],
   "source": [
    "df.head()"
   ]
  },
  {
   "cell_type": "code",
   "execution_count": 7,
   "metadata": {},
   "outputs": [
    {
     "name": "stdout",
     "output_type": "stream",
     "text": [
      "<class 'pandas.core.frame.DataFrame'>\n",
      "RangeIndex: 6806 entries, 0 to 6805\n",
      "Data columns (total 25 columns):\n",
      " #   Column         Non-Null Count  Dtype  \n",
      "---  ------         --------------  -----  \n",
      " 0   UNITID         6806 non-null   int64  \n",
      " 1   INSTNM         6806 non-null   object \n",
      " 2   CITY           6806 non-null   object \n",
      " 3   STABBR         6806 non-null   object \n",
      " 4   ZIP            6806 non-null   object \n",
      " 5   ACCREDAGENCY   6452 non-null   object \n",
      " 6   NUMBRANCH      6806 non-null   int64  \n",
      " 7   PREDDEG        6806 non-null   int64  \n",
      " 8   HIGHDEG        6806 non-null   int64  \n",
      " 9   CCSIZSET       6331 non-null   float64\n",
      " 10  ADM_RATE       2006 non-null   float64\n",
      " 11  LOCALE         6331 non-null   float64\n",
      " 12  SATVRMID       1239 non-null   float64\n",
      " 13  SATMTMID       1242 non-null   float64\n",
      " 14  SATWRMID       0 non-null      float64\n",
      " 15  ACTCMMID       1273 non-null   float64\n",
      " 16  ACTENMID       1199 non-null   float64\n",
      " 17  ACTMTMID       1199 non-null   float64\n",
      " 18  ACTWRMID       0 non-null      float64\n",
      " 19  ICLEVEL        6806 non-null   int64  \n",
      " 20  AGE_ENTRY      0 non-null      float64\n",
      " 21  GRAD_DEBT_MDN  6685 non-null   object \n",
      " 22  AVGFACSAL      4012 non-null   float64\n",
      " 23  PFTFAC         3623 non-null   float64\n",
      " 24  CURROPER       6806 non-null   int64  \n",
      "dtypes: float64(13), int64(6), object(6)\n",
      "memory usage: 1.3+ MB\n"
     ]
    }
   ],
   "source": [
    "df.info()"
   ]
  },
  {
   "cell_type": "code",
   "execution_count": 8,
   "metadata": {},
   "outputs": [],
   "source": [
    "#columns are selected for correlation analysis  \n",
    "\n",
    "df_corr = df[['UNITID','ADM_RATE','SATMTMID','ACTMTMID','ACTCMMID','GRAD_DEBT_MDN','AVGFACSAL','NUMBRANCH','LOCALE',\n",
    "              'CURROPER','PFTFAC','HIGHDEG']]"
   ]
  },
  {
   "cell_type": "code",
   "execution_count": 9,
   "metadata": {},
   "outputs": [
    {
     "data": {
      "text/html": [
       "<div>\n",
       "<style scoped>\n",
       "    .dataframe tbody tr th:only-of-type {\n",
       "        vertical-align: middle;\n",
       "    }\n",
       "\n",
       "    .dataframe tbody tr th {\n",
       "        vertical-align: top;\n",
       "    }\n",
       "\n",
       "    .dataframe thead th {\n",
       "        text-align: right;\n",
       "    }\n",
       "</style>\n",
       "<table border=\"1\" class=\"dataframe\">\n",
       "  <thead>\n",
       "    <tr style=\"text-align: right;\">\n",
       "      <th></th>\n",
       "      <th>UNITID</th>\n",
       "      <th>ADM_RATE</th>\n",
       "      <th>SATMTMID</th>\n",
       "      <th>ACTMTMID</th>\n",
       "      <th>ACTCMMID</th>\n",
       "      <th>GRAD_DEBT_MDN</th>\n",
       "      <th>AVGFACSAL</th>\n",
       "      <th>NUMBRANCH</th>\n",
       "      <th>LOCALE</th>\n",
       "      <th>CURROPER</th>\n",
       "      <th>PFTFAC</th>\n",
       "      <th>HIGHDEG</th>\n",
       "    </tr>\n",
       "  </thead>\n",
       "  <tbody>\n",
       "    <tr>\n",
       "      <th>0</th>\n",
       "      <td>100654</td>\n",
       "      <td>0.8986</td>\n",
       "      <td>465.0</td>\n",
       "      <td>17.0</td>\n",
       "      <td>18.0</td>\n",
       "      <td>33375</td>\n",
       "      <td>7101.0</td>\n",
       "      <td>1</td>\n",
       "      <td>12.0</td>\n",
       "      <td>1</td>\n",
       "      <td>0.7411</td>\n",
       "      <td>4</td>\n",
       "    </tr>\n",
       "    <tr>\n",
       "      <th>1</th>\n",
       "      <td>100663</td>\n",
       "      <td>0.9211</td>\n",
       "      <td>555.0</td>\n",
       "      <td>23.0</td>\n",
       "      <td>25.0</td>\n",
       "      <td>22500</td>\n",
       "      <td>10717.0</td>\n",
       "      <td>1</td>\n",
       "      <td>12.0</td>\n",
       "      <td>1</td>\n",
       "      <td>0.7766</td>\n",
       "      <td>4</td>\n",
       "    </tr>\n",
       "    <tr>\n",
       "      <th>2</th>\n",
       "      <td>100690</td>\n",
       "      <td>NaN</td>\n",
       "      <td>NaN</td>\n",
       "      <td>NaN</td>\n",
       "      <td>NaN</td>\n",
       "      <td>27334</td>\n",
       "      <td>4292.0</td>\n",
       "      <td>1</td>\n",
       "      <td>12.0</td>\n",
       "      <td>1</td>\n",
       "      <td>1.0000</td>\n",
       "      <td>4</td>\n",
       "    </tr>\n",
       "    <tr>\n",
       "      <th>3</th>\n",
       "      <td>100706</td>\n",
       "      <td>0.8087</td>\n",
       "      <td>565.0</td>\n",
       "      <td>27.0</td>\n",
       "      <td>28.0</td>\n",
       "      <td>21607</td>\n",
       "      <td>9442.0</td>\n",
       "      <td>1</td>\n",
       "      <td>12.0</td>\n",
       "      <td>1</td>\n",
       "      <td>0.6544</td>\n",
       "      <td>4</td>\n",
       "    </tr>\n",
       "    <tr>\n",
       "      <th>4</th>\n",
       "      <td>100724</td>\n",
       "      <td>0.9774</td>\n",
       "      <td>465.0</td>\n",
       "      <td>17.0</td>\n",
       "      <td>18.0</td>\n",
       "      <td>32000</td>\n",
       "      <td>7754.0</td>\n",
       "      <td>1</td>\n",
       "      <td>12.0</td>\n",
       "      <td>1</td>\n",
       "      <td>0.5826</td>\n",
       "      <td>4</td>\n",
       "    </tr>\n",
       "  </tbody>\n",
       "</table>\n",
       "</div>"
      ],
      "text/plain": [
       "   UNITID  ADM_RATE  SATMTMID  ACTMTMID  ACTCMMID GRAD_DEBT_MDN  AVGFACSAL  \\\n",
       "0  100654    0.8986     465.0      17.0      18.0         33375     7101.0   \n",
       "1  100663    0.9211     555.0      23.0      25.0         22500    10717.0   \n",
       "2  100690       NaN       NaN       NaN       NaN         27334     4292.0   \n",
       "3  100706    0.8087     565.0      27.0      28.0         21607     9442.0   \n",
       "4  100724    0.9774     465.0      17.0      18.0         32000     7754.0   \n",
       "\n",
       "   NUMBRANCH  LOCALE  CURROPER  PFTFAC  HIGHDEG  \n",
       "0          1    12.0         1  0.7411        4  \n",
       "1          1    12.0         1  0.7766        4  \n",
       "2          1    12.0         1  1.0000        4  \n",
       "3          1    12.0         1  0.6544        4  \n",
       "4          1    12.0         1  0.5826        4  "
      ]
     },
     "execution_count": 9,
     "metadata": {},
     "output_type": "execute_result"
    }
   ],
   "source": [
    "df_corr.head()"
   ]
  },
  {
   "cell_type": "code",
   "execution_count": 10,
   "metadata": {},
   "outputs": [
    {
     "data": {
      "text/plain": [
       "0       33375\n",
       "1       22500\n",
       "2       27334\n",
       "3       21607\n",
       "4       32000\n",
       "        ...  \n",
       "6801     9371\n",
       "6802     9371\n",
       "6803    12125\n",
       "6804    21000\n",
       "6805      NaN\n",
       "Name: GRAD_DEBT_MDN, Length: 6806, dtype: object"
      ]
     },
     "execution_count": 10,
     "metadata": {},
     "output_type": "execute_result"
    }
   ],
   "source": [
    "#debt after graduation column is taken out to be studied separetely\n",
    "#a subset of the original dataframe is used for this analysis\n",
    "\n",
    "df_corr['GRAD_DEBT_MDN']"
   ]
  },
  {
   "cell_type": "code",
   "execution_count": 11,
   "metadata": {},
   "outputs": [],
   "source": [
    "df_debt=df_corr[df_corr['GRAD_DEBT_MDN'] != 'PrivacySuppressed']"
   ]
  },
  {
   "cell_type": "code",
   "execution_count": 12,
   "metadata": {},
   "outputs": [
    {
     "data": {
      "text/plain": [
       "0       33375.0\n",
       "1       22500.0\n",
       "2       27334.0\n",
       "3       21607.0\n",
       "4       32000.0\n",
       "         ...   \n",
       "6801     9371.0\n",
       "6802     9371.0\n",
       "6803    12125.0\n",
       "6804    21000.0\n",
       "6805        NaN\n",
       "Name: GRAD_DEBT_MDN, Length: 5428, dtype: float64"
      ]
     },
     "execution_count": 12,
     "metadata": {},
     "output_type": "execute_result"
    }
   ],
   "source": [
    "df_debt['GRAD_DEBT_MDN'].apply(pd.to_numeric)"
   ]
  },
  {
   "cell_type": "code",
   "execution_count": 13,
   "metadata": {},
   "outputs": [
    {
     "name": "stderr",
     "output_type": "stream",
     "text": [
      "C:\\Users\\kirat\\anaconda3\\lib\\site-packages\\pandas\\core\\generic.py:5303: SettingWithCopyWarning: \n",
      "A value is trying to be set on a copy of a slice from a DataFrame.\n",
      "Try using .loc[row_indexer,col_indexer] = value instead\n",
      "\n",
      "See the caveats in the documentation: https://pandas.pydata.org/pandas-docs/stable/user_guide/indexing.html#returning-a-view-versus-a-copy\n",
      "  self[name] = value\n"
     ]
    }
   ],
   "source": [
    "df_debt.GRAD_DEBT_MDN = df_debt.GRAD_DEBT_MDN.astype(float)"
   ]
  },
  {
   "cell_type": "code",
   "execution_count": 14,
   "metadata": {},
   "outputs": [
    {
     "name": "stdout",
     "output_type": "stream",
     "text": [
      "<class 'pandas.core.frame.DataFrame'>\n",
      "Int64Index: 5428 entries, 0 to 6805\n",
      "Data columns (total 12 columns):\n",
      " #   Column         Non-Null Count  Dtype  \n",
      "---  ------         --------------  -----  \n",
      " 0   UNITID         5428 non-null   int64  \n",
      " 1   ADM_RATE       1832 non-null   float64\n",
      " 2   SATMTMID       1232 non-null   float64\n",
      " 3   ACTMTMID       1185 non-null   float64\n",
      " 4   ACTCMMID       1259 non-null   float64\n",
      " 5   GRAD_DEBT_MDN  5307 non-null   float64\n",
      " 6   AVGFACSAL      3407 non-null   float64\n",
      " 7   NUMBRANCH      5428 non-null   int64  \n",
      " 8   LOCALE         4999 non-null   float64\n",
      " 9   CURROPER       5428 non-null   int64  \n",
      " 10  PFTFAC         3169 non-null   float64\n",
      " 11  HIGHDEG        5428 non-null   int64  \n",
      "dtypes: float64(8), int64(4)\n",
      "memory usage: 551.3 KB\n"
     ]
    }
   ],
   "source": [
    "df_debt.info()"
   ]
  },
  {
   "cell_type": "code",
   "execution_count": 15,
   "metadata": {},
   "outputs": [
    {
     "data": {
      "text/html": [
       "<div>\n",
       "<style scoped>\n",
       "    .dataframe tbody tr th:only-of-type {\n",
       "        vertical-align: middle;\n",
       "    }\n",
       "\n",
       "    .dataframe tbody tr th {\n",
       "        vertical-align: top;\n",
       "    }\n",
       "\n",
       "    .dataframe thead th {\n",
       "        text-align: right;\n",
       "    }\n",
       "</style>\n",
       "<table border=\"1\" class=\"dataframe\">\n",
       "  <thead>\n",
       "    <tr style=\"text-align: right;\">\n",
       "      <th></th>\n",
       "      <th>UNITID</th>\n",
       "      <th>ADM_RATE</th>\n",
       "      <th>SATMTMID</th>\n",
       "      <th>ACTMTMID</th>\n",
       "      <th>ACTCMMID</th>\n",
       "      <th>AVGFACSAL</th>\n",
       "      <th>NUMBRANCH</th>\n",
       "      <th>LOCALE</th>\n",
       "      <th>CURROPER</th>\n",
       "      <th>PFTFAC</th>\n",
       "      <th>HIGHDEG</th>\n",
       "    </tr>\n",
       "  </thead>\n",
       "  <tbody>\n",
       "    <tr>\n",
       "      <th>UNITID</th>\n",
       "      <td>1.000000</td>\n",
       "      <td>0.094455</td>\n",
       "      <td>-0.012758</td>\n",
       "      <td>-0.039463</td>\n",
       "      <td>-0.033045</td>\n",
       "      <td>-0.295797</td>\n",
       "      <td>0.505235</td>\n",
       "      <td>-0.127843</td>\n",
       "      <td>-0.067991</td>\n",
       "      <td>-0.115315</td>\n",
       "      <td>-0.400114</td>\n",
       "    </tr>\n",
       "    <tr>\n",
       "      <th>ADM_RATE</th>\n",
       "      <td>0.094455</td>\n",
       "      <td>1.000000</td>\n",
       "      <td>-0.459191</td>\n",
       "      <td>-0.413960</td>\n",
       "      <td>-0.442260</td>\n",
       "      <td>-0.341313</td>\n",
       "      <td>0.089028</td>\n",
       "      <td>0.022448</td>\n",
       "      <td>-0.000095</td>\n",
       "      <td>-0.078754</td>\n",
       "      <td>-0.048984</td>\n",
       "    </tr>\n",
       "    <tr>\n",
       "      <th>SATMTMID</th>\n",
       "      <td>-0.012758</td>\n",
       "      <td>-0.459191</td>\n",
       "      <td>1.000000</td>\n",
       "      <td>0.936574</td>\n",
       "      <td>0.941621</td>\n",
       "      <td>0.743228</td>\n",
       "      <td>0.005634</td>\n",
       "      <td>-0.225450</td>\n",
       "      <td>0.073389</td>\n",
       "      <td>0.178570</td>\n",
       "      <td>0.096091</td>\n",
       "    </tr>\n",
       "    <tr>\n",
       "      <th>ACTMTMID</th>\n",
       "      <td>-0.039463</td>\n",
       "      <td>-0.413960</td>\n",
       "      <td>0.936574</td>\n",
       "      <td>1.000000</td>\n",
       "      <td>0.965782</td>\n",
       "      <td>0.721295</td>\n",
       "      <td>0.052508</td>\n",
       "      <td>-0.196802</td>\n",
       "      <td>0.083350</td>\n",
       "      <td>0.178360</td>\n",
       "      <td>0.111847</td>\n",
       "    </tr>\n",
       "    <tr>\n",
       "      <th>ACTCMMID</th>\n",
       "      <td>-0.033045</td>\n",
       "      <td>-0.442260</td>\n",
       "      <td>0.941621</td>\n",
       "      <td>0.965782</td>\n",
       "      <td>1.000000</td>\n",
       "      <td>0.715998</td>\n",
       "      <td>0.004702</td>\n",
       "      <td>-0.195551</td>\n",
       "      <td>0.091335</td>\n",
       "      <td>0.184567</td>\n",
       "      <td>0.101229</td>\n",
       "    </tr>\n",
       "    <tr>\n",
       "      <th>AVGFACSAL</th>\n",
       "      <td>-0.295797</td>\n",
       "      <td>-0.341313</td>\n",
       "      <td>0.743228</td>\n",
       "      <td>0.721295</td>\n",
       "      <td>0.715998</td>\n",
       "      <td>1.000000</td>\n",
       "      <td>-0.054173</td>\n",
       "      <td>-0.125825</td>\n",
       "      <td>0.117123</td>\n",
       "      <td>0.118702</td>\n",
       "      <td>0.319278</td>\n",
       "    </tr>\n",
       "    <tr>\n",
       "      <th>NUMBRANCH</th>\n",
       "      <td>0.505235</td>\n",
       "      <td>0.089028</td>\n",
       "      <td>0.005634</td>\n",
       "      <td>0.052508</td>\n",
       "      <td>0.004702</td>\n",
       "      <td>-0.054173</td>\n",
       "      <td>1.000000</td>\n",
       "      <td>-0.080678</td>\n",
       "      <td>-0.074268</td>\n",
       "      <td>-0.169997</td>\n",
       "      <td>-0.185409</td>\n",
       "    </tr>\n",
       "    <tr>\n",
       "      <th>LOCALE</th>\n",
       "      <td>-0.127843</td>\n",
       "      <td>0.022448</td>\n",
       "      <td>-0.225450</td>\n",
       "      <td>-0.196802</td>\n",
       "      <td>-0.195551</td>\n",
       "      <td>-0.125825</td>\n",
       "      <td>-0.080678</td>\n",
       "      <td>1.000000</td>\n",
       "      <td>0.047074</td>\n",
       "      <td>0.060096</td>\n",
       "      <td>-0.036562</td>\n",
       "    </tr>\n",
       "    <tr>\n",
       "      <th>CURROPER</th>\n",
       "      <td>-0.067991</td>\n",
       "      <td>-0.000095</td>\n",
       "      <td>0.073389</td>\n",
       "      <td>0.083350</td>\n",
       "      <td>0.091335</td>\n",
       "      <td>0.117123</td>\n",
       "      <td>-0.074268</td>\n",
       "      <td>0.047074</td>\n",
       "      <td>1.000000</td>\n",
       "      <td>-0.001623</td>\n",
       "      <td>0.110923</td>\n",
       "    </tr>\n",
       "    <tr>\n",
       "      <th>PFTFAC</th>\n",
       "      <td>-0.115315</td>\n",
       "      <td>-0.078754</td>\n",
       "      <td>0.178570</td>\n",
       "      <td>0.178360</td>\n",
       "      <td>0.184567</td>\n",
       "      <td>0.118702</td>\n",
       "      <td>-0.169997</td>\n",
       "      <td>0.060096</td>\n",
       "      <td>-0.001623</td>\n",
       "      <td>1.000000</td>\n",
       "      <td>0.173127</td>\n",
       "    </tr>\n",
       "    <tr>\n",
       "      <th>HIGHDEG</th>\n",
       "      <td>-0.400114</td>\n",
       "      <td>-0.048984</td>\n",
       "      <td>0.096091</td>\n",
       "      <td>0.111847</td>\n",
       "      <td>0.101229</td>\n",
       "      <td>0.319278</td>\n",
       "      <td>-0.185409</td>\n",
       "      <td>-0.036562</td>\n",
       "      <td>0.110923</td>\n",
       "      <td>0.173127</td>\n",
       "      <td>1.000000</td>\n",
       "    </tr>\n",
       "  </tbody>\n",
       "</table>\n",
       "</div>"
      ],
      "text/plain": [
       "             UNITID  ADM_RATE  SATMTMID  ACTMTMID  ACTCMMID  AVGFACSAL  \\\n",
       "UNITID     1.000000  0.094455 -0.012758 -0.039463 -0.033045  -0.295797   \n",
       "ADM_RATE   0.094455  1.000000 -0.459191 -0.413960 -0.442260  -0.341313   \n",
       "SATMTMID  -0.012758 -0.459191  1.000000  0.936574  0.941621   0.743228   \n",
       "ACTMTMID  -0.039463 -0.413960  0.936574  1.000000  0.965782   0.721295   \n",
       "ACTCMMID  -0.033045 -0.442260  0.941621  0.965782  1.000000   0.715998   \n",
       "AVGFACSAL -0.295797 -0.341313  0.743228  0.721295  0.715998   1.000000   \n",
       "NUMBRANCH  0.505235  0.089028  0.005634  0.052508  0.004702  -0.054173   \n",
       "LOCALE    -0.127843  0.022448 -0.225450 -0.196802 -0.195551  -0.125825   \n",
       "CURROPER  -0.067991 -0.000095  0.073389  0.083350  0.091335   0.117123   \n",
       "PFTFAC    -0.115315 -0.078754  0.178570  0.178360  0.184567   0.118702   \n",
       "HIGHDEG   -0.400114 -0.048984  0.096091  0.111847  0.101229   0.319278   \n",
       "\n",
       "           NUMBRANCH    LOCALE  CURROPER    PFTFAC   HIGHDEG  \n",
       "UNITID      0.505235 -0.127843 -0.067991 -0.115315 -0.400114  \n",
       "ADM_RATE    0.089028  0.022448 -0.000095 -0.078754 -0.048984  \n",
       "SATMTMID    0.005634 -0.225450  0.073389  0.178570  0.096091  \n",
       "ACTMTMID    0.052508 -0.196802  0.083350  0.178360  0.111847  \n",
       "ACTCMMID    0.004702 -0.195551  0.091335  0.184567  0.101229  \n",
       "AVGFACSAL  -0.054173 -0.125825  0.117123  0.118702  0.319278  \n",
       "NUMBRANCH   1.000000 -0.080678 -0.074268 -0.169997 -0.185409  \n",
       "LOCALE     -0.080678  1.000000  0.047074  0.060096 -0.036562  \n",
       "CURROPER   -0.074268  0.047074  1.000000 -0.001623  0.110923  \n",
       "PFTFAC     -0.169997  0.060096 -0.001623  1.000000  0.173127  \n",
       "HIGHDEG    -0.185409 -0.036562  0.110923  0.173127  1.000000  "
      ]
     },
     "execution_count": 15,
     "metadata": {},
     "output_type": "execute_result"
    }
   ],
   "source": [
    "#correlation for the dataframe\n",
    "\n",
    "df_corr.corr()"
   ]
  },
  {
   "cell_type": "code",
   "execution_count": 16,
   "metadata": {},
   "outputs": [
    {
     "data": {
      "text/plain": [
       "(6806, 12)"
      ]
     },
     "execution_count": 16,
     "metadata": {},
     "output_type": "execute_result"
    }
   ],
   "source": [
    "df_corr.shape"
   ]
  },
  {
   "cell_type": "code",
   "execution_count": 17,
   "metadata": {},
   "outputs": [
    {
     "data": {
      "text/html": [
       "<div>\n",
       "<style scoped>\n",
       "    .dataframe tbody tr th:only-of-type {\n",
       "        vertical-align: middle;\n",
       "    }\n",
       "\n",
       "    .dataframe tbody tr th {\n",
       "        vertical-align: top;\n",
       "    }\n",
       "\n",
       "    .dataframe thead th {\n",
       "        text-align: right;\n",
       "    }\n",
       "</style>\n",
       "<table border=\"1\" class=\"dataframe\">\n",
       "  <thead>\n",
       "    <tr style=\"text-align: right;\">\n",
       "      <th></th>\n",
       "      <th>UNITID</th>\n",
       "      <th>ADM_RATE</th>\n",
       "      <th>SATMTMID</th>\n",
       "      <th>ACTMTMID</th>\n",
       "      <th>ACTCMMID</th>\n",
       "      <th>GRAD_DEBT_MDN</th>\n",
       "      <th>AVGFACSAL</th>\n",
       "      <th>NUMBRANCH</th>\n",
       "      <th>LOCALE</th>\n",
       "      <th>CURROPER</th>\n",
       "      <th>PFTFAC</th>\n",
       "      <th>HIGHDEG</th>\n",
       "    </tr>\n",
       "  </thead>\n",
       "  <tbody>\n",
       "    <tr>\n",
       "      <th>UNITID</th>\n",
       "      <td>1.000000</td>\n",
       "      <td>0.091872</td>\n",
       "      <td>-0.014212</td>\n",
       "      <td>-0.037486</td>\n",
       "      <td>-0.033587</td>\n",
       "      <td>0.165871</td>\n",
       "      <td>-0.292321</td>\n",
       "      <td>0.526326</td>\n",
       "      <td>-0.150677</td>\n",
       "      <td>-0.057737</td>\n",
       "      <td>-0.131800</td>\n",
       "      <td>-0.435110</td>\n",
       "    </tr>\n",
       "    <tr>\n",
       "      <th>ADM_RATE</th>\n",
       "      <td>0.091872</td>\n",
       "      <td>1.000000</td>\n",
       "      <td>-0.456320</td>\n",
       "      <td>-0.414949</td>\n",
       "      <td>-0.442045</td>\n",
       "      <td>0.097141</td>\n",
       "      <td>-0.329286</td>\n",
       "      <td>0.102128</td>\n",
       "      <td>0.038412</td>\n",
       "      <td>-0.001992</td>\n",
       "      <td>-0.102387</td>\n",
       "      <td>0.004142</td>\n",
       "    </tr>\n",
       "    <tr>\n",
       "      <th>SATMTMID</th>\n",
       "      <td>-0.014212</td>\n",
       "      <td>-0.456320</td>\n",
       "      <td>1.000000</td>\n",
       "      <td>0.940194</td>\n",
       "      <td>0.942606</td>\n",
       "      <td>-0.286997</td>\n",
       "      <td>0.742458</td>\n",
       "      <td>0.005472</td>\n",
       "      <td>-0.223904</td>\n",
       "      <td>0.074314</td>\n",
       "      <td>0.186823</td>\n",
       "      <td>0.089524</td>\n",
       "    </tr>\n",
       "    <tr>\n",
       "      <th>ACTMTMID</th>\n",
       "      <td>-0.037486</td>\n",
       "      <td>-0.414949</td>\n",
       "      <td>0.940194</td>\n",
       "      <td>1.000000</td>\n",
       "      <td>0.966085</td>\n",
       "      <td>-0.232191</td>\n",
       "      <td>0.724926</td>\n",
       "      <td>0.052365</td>\n",
       "      <td>-0.200763</td>\n",
       "      <td>0.084800</td>\n",
       "      <td>0.180000</td>\n",
       "      <td>0.104552</td>\n",
       "    </tr>\n",
       "    <tr>\n",
       "      <th>ACTCMMID</th>\n",
       "      <td>-0.033587</td>\n",
       "      <td>-0.442045</td>\n",
       "      <td>0.942606</td>\n",
       "      <td>0.966085</td>\n",
       "      <td>1.000000</td>\n",
       "      <td>-0.262451</td>\n",
       "      <td>0.716980</td>\n",
       "      <td>0.003880</td>\n",
       "      <td>-0.194876</td>\n",
       "      <td>0.092735</td>\n",
       "      <td>0.188132</td>\n",
       "      <td>0.090635</td>\n",
       "    </tr>\n",
       "    <tr>\n",
       "      <th>GRAD_DEBT_MDN</th>\n",
       "      <td>0.165871</td>\n",
       "      <td>0.097141</td>\n",
       "      <td>-0.286997</td>\n",
       "      <td>-0.232191</td>\n",
       "      <td>-0.262451</td>\n",
       "      <td>1.000000</td>\n",
       "      <td>0.170403</td>\n",
       "      <td>0.352131</td>\n",
       "      <td>-0.010652</td>\n",
       "      <td>-0.012620</td>\n",
       "      <td>0.091323</td>\n",
       "      <td>0.524080</td>\n",
       "    </tr>\n",
       "    <tr>\n",
       "      <th>AVGFACSAL</th>\n",
       "      <td>-0.292321</td>\n",
       "      <td>-0.329286</td>\n",
       "      <td>0.742458</td>\n",
       "      <td>0.724926</td>\n",
       "      <td>0.716980</td>\n",
       "      <td>0.170403</td>\n",
       "      <td>1.000000</td>\n",
       "      <td>-0.077258</td>\n",
       "      <td>-0.124974</td>\n",
       "      <td>0.134605</td>\n",
       "      <td>0.143781</td>\n",
       "      <td>0.354434</td>\n",
       "    </tr>\n",
       "    <tr>\n",
       "      <th>NUMBRANCH</th>\n",
       "      <td>0.526326</td>\n",
       "      <td>0.102128</td>\n",
       "      <td>0.005472</td>\n",
       "      <td>0.052365</td>\n",
       "      <td>0.003880</td>\n",
       "      <td>0.352131</td>\n",
       "      <td>-0.077258</td>\n",
       "      <td>1.000000</td>\n",
       "      <td>-0.082935</td>\n",
       "      <td>-0.086309</td>\n",
       "      <td>-0.186411</td>\n",
       "      <td>-0.215605</td>\n",
       "    </tr>\n",
       "    <tr>\n",
       "      <th>LOCALE</th>\n",
       "      <td>-0.150677</td>\n",
       "      <td>0.038412</td>\n",
       "      <td>-0.223904</td>\n",
       "      <td>-0.200763</td>\n",
       "      <td>-0.194876</td>\n",
       "      <td>-0.010652</td>\n",
       "      <td>-0.124974</td>\n",
       "      <td>-0.082935</td>\n",
       "      <td>1.000000</td>\n",
       "      <td>0.051914</td>\n",
       "      <td>0.084748</td>\n",
       "      <td>0.017569</td>\n",
       "    </tr>\n",
       "    <tr>\n",
       "      <th>CURROPER</th>\n",
       "      <td>-0.057737</td>\n",
       "      <td>-0.001992</td>\n",
       "      <td>0.074314</td>\n",
       "      <td>0.084800</td>\n",
       "      <td>0.092735</td>\n",
       "      <td>-0.012620</td>\n",
       "      <td>0.134605</td>\n",
       "      <td>-0.086309</td>\n",
       "      <td>0.051914</td>\n",
       "      <td>1.000000</td>\n",
       "      <td>0.000533</td>\n",
       "      <td>0.101657</td>\n",
       "    </tr>\n",
       "    <tr>\n",
       "      <th>PFTFAC</th>\n",
       "      <td>-0.131800</td>\n",
       "      <td>-0.102387</td>\n",
       "      <td>0.186823</td>\n",
       "      <td>0.180000</td>\n",
       "      <td>0.188132</td>\n",
       "      <td>0.091323</td>\n",
       "      <td>0.143781</td>\n",
       "      <td>-0.186411</td>\n",
       "      <td>0.084748</td>\n",
       "      <td>0.000533</td>\n",
       "      <td>1.000000</td>\n",
       "      <td>0.167184</td>\n",
       "    </tr>\n",
       "    <tr>\n",
       "      <th>HIGHDEG</th>\n",
       "      <td>-0.435110</td>\n",
       "      <td>0.004142</td>\n",
       "      <td>0.089524</td>\n",
       "      <td>0.104552</td>\n",
       "      <td>0.090635</td>\n",
       "      <td>0.524080</td>\n",
       "      <td>0.354434</td>\n",
       "      <td>-0.215605</td>\n",
       "      <td>0.017569</td>\n",
       "      <td>0.101657</td>\n",
       "      <td>0.167184</td>\n",
       "      <td>1.000000</td>\n",
       "    </tr>\n",
       "  </tbody>\n",
       "</table>\n",
       "</div>"
      ],
      "text/plain": [
       "                 UNITID  ADM_RATE  SATMTMID  ACTMTMID  ACTCMMID  \\\n",
       "UNITID         1.000000  0.091872 -0.014212 -0.037486 -0.033587   \n",
       "ADM_RATE       0.091872  1.000000 -0.456320 -0.414949 -0.442045   \n",
       "SATMTMID      -0.014212 -0.456320  1.000000  0.940194  0.942606   \n",
       "ACTMTMID      -0.037486 -0.414949  0.940194  1.000000  0.966085   \n",
       "ACTCMMID      -0.033587 -0.442045  0.942606  0.966085  1.000000   \n",
       "GRAD_DEBT_MDN  0.165871  0.097141 -0.286997 -0.232191 -0.262451   \n",
       "AVGFACSAL     -0.292321 -0.329286  0.742458  0.724926  0.716980   \n",
       "NUMBRANCH      0.526326  0.102128  0.005472  0.052365  0.003880   \n",
       "LOCALE        -0.150677  0.038412 -0.223904 -0.200763 -0.194876   \n",
       "CURROPER      -0.057737 -0.001992  0.074314  0.084800  0.092735   \n",
       "PFTFAC        -0.131800 -0.102387  0.186823  0.180000  0.188132   \n",
       "HIGHDEG       -0.435110  0.004142  0.089524  0.104552  0.090635   \n",
       "\n",
       "               GRAD_DEBT_MDN  AVGFACSAL  NUMBRANCH    LOCALE  CURROPER  \\\n",
       "UNITID              0.165871  -0.292321   0.526326 -0.150677 -0.057737   \n",
       "ADM_RATE            0.097141  -0.329286   0.102128  0.038412 -0.001992   \n",
       "SATMTMID           -0.286997   0.742458   0.005472 -0.223904  0.074314   \n",
       "ACTMTMID           -0.232191   0.724926   0.052365 -0.200763  0.084800   \n",
       "ACTCMMID           -0.262451   0.716980   0.003880 -0.194876  0.092735   \n",
       "GRAD_DEBT_MDN       1.000000   0.170403   0.352131 -0.010652 -0.012620   \n",
       "AVGFACSAL           0.170403   1.000000  -0.077258 -0.124974  0.134605   \n",
       "NUMBRANCH           0.352131  -0.077258   1.000000 -0.082935 -0.086309   \n",
       "LOCALE             -0.010652  -0.124974  -0.082935  1.000000  0.051914   \n",
       "CURROPER           -0.012620   0.134605  -0.086309  0.051914  1.000000   \n",
       "PFTFAC              0.091323   0.143781  -0.186411  0.084748  0.000533   \n",
       "HIGHDEG             0.524080   0.354434  -0.215605  0.017569  0.101657   \n",
       "\n",
       "                 PFTFAC   HIGHDEG  \n",
       "UNITID        -0.131800 -0.435110  \n",
       "ADM_RATE      -0.102387  0.004142  \n",
       "SATMTMID       0.186823  0.089524  \n",
       "ACTMTMID       0.180000  0.104552  \n",
       "ACTCMMID       0.188132  0.090635  \n",
       "GRAD_DEBT_MDN  0.091323  0.524080  \n",
       "AVGFACSAL      0.143781  0.354434  \n",
       "NUMBRANCH     -0.186411 -0.215605  \n",
       "LOCALE         0.084748  0.017569  \n",
       "CURROPER       0.000533  0.101657  \n",
       "PFTFAC         1.000000  0.167184  \n",
       "HIGHDEG        0.167184  1.000000  "
      ]
     },
     "execution_count": 17,
     "metadata": {},
     "output_type": "execute_result"
    }
   ],
   "source": [
    "#correlation for the subset\n",
    "\n",
    "df_debt.corr()"
   ]
  },
  {
   "cell_type": "code",
   "execution_count": 18,
   "metadata": {},
   "outputs": [
    {
     "data": {
      "text/plain": [
       "(5428, 12)"
      ]
     },
     "execution_count": 18,
     "metadata": {},
     "output_type": "execute_result"
    }
   ],
   "source": [
    "df_debt.shape"
   ]
  },
  {
   "cell_type": "code",
   "execution_count": 19,
   "metadata": {},
   "outputs": [
    {
     "data": {
